77
90
144
0
3
0
0
0
4
0
0
0
255
255
0
0
184
0
0
0
0
0
0
0
64
0
0
0
0
0
0
0
0
0
0
0
0
0
0
0
0
0
0
0
0
0
0
0
0
0
0
0
0
0
0
0
0
0
0
0
8
1
0
0
14
31
186
14
0
180
9
205
33
184
1
76
205
33
84
104
105
115
32
112
114
111
103
114
97
109
32
99
97
110
110
111
116
32
98
101
32
114
117
110
32
105
110
32
68
79
83
32
109
111
100
101
46
13
13
10
36
0
0
0
0
0
0
0
62
208
168
152
122
177
198
203
122
177
198
203
122
177
198
203
115
201
85
203
126
177
198
203
40
217
199
202
120
177
198
203
40
217
195
202
112
177
198
203
40
217
194
202
114
177
198
203
40
217
197
202
120
177
198
203
31
215
199
202
120
177
198
203
134
198
127
203
121
177
198
203
122
177
199
203
91
177
198
203
218
216
207
202
121
177
198
203
218
216
198
202
123
177
198
203
218
216
57
203
123
177
198
203
218
216
196
202
123
177
198
203
82
105
99
104
122
177
198
203
0
0
0
0
0
0
0
0
0
0
0
0
0
0
0
0
80
69
0
0
100
134
6
0
206
26
12
97
0
0
0
0
0
0
0
0
240
0
34
32
11
2
14
16
0
16
0
0
0
26
0
0
0
0
0
0
4
20
0
0
0
16
0
0
0
0
0
128
1
0
0
0
0
16
0
0
0
2
0
0
6
0
0
0
0
0
0
0
6
0
0
0
0
0
0
0
0
112
0
0
0
4
0
0
0
0
0
0
2
0
96
1
0
0
16
0
0
0
0
0
0
16
0
0
0
0
0
0
0
0
16
0
0
0
0
0
0
16
0
0
0
0
0
0
0
0
0
0
16
0
0
0
80
39
0
0
80
0
0
0
160
39
0
0
120
0
0
0
0
80
0
0
224
1
0
0
0
64
0
0
176
1
0
0
0
0
0
0
0
0
0
0
0
96
0
0
24
0
0
0
128
33
0
0
112
0
0
0
0
0
0
0
0
0
0
0
0
0
0
0
0
0
0
0
0
0
0
0
0
0
0
0
240
33
0
0
0
1
0
0
0
0
0
0
0
0
0
0
0
32
0
0
0
1
0
0
0
0
0
0
0
0
0
0
0
0
0
0
0
0
0
0
0
0
0
0
0
0
0
0
46
116
101
120
116
0
0
0
243
14
0
0
0
16
0
0
0
16
0
0
0
4
0
0
0
0
0
0
0
0
0
0
0
0
0
0
32
0
0
96
46
114
100
97
116
97
0
0
196
11
0
0
0
32
0
0
0
12
0
0
0
20
0
0
0
0
0
0
0
0
0
0
0
0
0
0
64
0
0
64
46
100
97
116
97
0
0
0
64
6
0
0
0
48
0
0
0
2
0
0
0
32
0
0
0
0
0
0
0
0
0
0
0
0
0
0
64
0
0
192
46
112
100
97
116
97
0
0
176
1
0
0
0
64
0
0
0
2
0
0
0
34
0
0
0
0
0
0
0
0
0
0
0
0
0
0
64
0
0
64
46
114
115
114
99
0
0
0
224
1
0
0
0
80
0
0
0
2
0
0
0
36
0
0
0
0
0
0
0
0
0
0
0
0
0
0
64
0
0
64
46
114
101
108
111
99
0
0
24
0
0
0
0
96
0
0
0
2
0
0
0
38
0
0
0
0
0
0
0
0
0
0
0
0
0
0
64
0
0
66
0
0
0
0
0
0
0
0
0
0
0
0
0
0
0
0
0
0
0
0
0
0
0
0
0
0
0
0
0
0
0
0
0
0
0
0
0
0
0
0
0
0
0
0
0
0
0
0
0
0
0
0
0
0
0
0
0
0
0
0
0
0
0
0
0
0
0
0
0
0
0
0
0
0
0
0
0
0
0
0
0
0
0
0
0
0
0
0
0
0
0
0
0
0
0
0
0
0
0
0
0
0
0
0
0
0
0
0
0
0
0
0
0
0
0
0
0
0
0
0
0
0
0
0
0
0
0
0
0
0
0
0
0
0
0
0
0
0
0
0
0
0
0
0
0
0
0
0
0
0
0
0
0
0
0
0
0
0
0
0
0
0
0
0
0
0
0
0
0
0
0
0
0
0
0
0
0
0
0
0
0
0
0
0
0
0
0
0
0
0
0
0
0
0
0
0
0
0
0
0
0
0
0
0
0
0
0
0
0
0
0
0
0
0
0
0
0
0
0
0
0
0
0
0
0
0
0
0
0
0
0
0
0
0
0
0
0
0
0
0
0
0
0
0
0
0
0
0
0
0
0
0
0
0
0
0
184
1
0
0
0
195
204
204
204
204
204
204
204
204
204
204
64
83
72
131
236
112
72
139
5
235
31
0
0
72
51
196
72
137
68
36
96
187
2
0
0
0
102
137
92
36
64
141
75
11
255
21
112
16
0
0
242
15
16
5
40
17
0
0
76
141
76
36
48
72
137
68
36
48
68
139
195
51
210
242
15
17
64
1
139
13
22
17
0
0
137
72
9
185
118
128
0
0
72
139
68
36
48
198
0
11
184
0
8
0
0
102
137
68
36
88
72
141
68
36
72
72
137
68
36
32
102
137
92
36
72
255
21
15
16
0
0
141
67
255
72
139
76
36
96
72
51
204
232
23
0
0
0
72
131
196
112
91
195
204
204
204
204
204
204
204
102
102
15
31
132
0
0
0
0
0
72
59
13
81
31
0
0
242
117
18
72
193
193
16
102
247
193
255
255
242
117
2
242
195
72
193
201
16
233
167
3
0
0
204
204
204
72
131
236
40
133
210
116
57
131
234
1
116
40
131
234
1
116
22
131
250
1
116
10
184
1
0
0
0
72
131
196
40
195
232
106
6
0
0
235
5
232
59
6
0
0
15
182
192
72
131
196
40
195
73
139
208
72
131
196
40
233
15
0
0
0
77
133
192
15
149
193
72
131
196
40
233
28
1
0
0
72
137
92
36
8
72
137
116
36
16
72
137
124
36
32
65
86
72
131
236
32
72
139
242
76
139
241
51
201
232
218
6
0
0
132
192
117
24
51
192
72
139
92
36
48
72
139
116
36
56
72
139
124
36
72
72
131
196
32
65
94
195
232
77
5
0
0
138
216
136
68
36
64
64
183
1
131
61
105
36
0
0
0
15
133
180
0
0
0
199
5
89
36
0
0
1
0
0
0
232
152
5
0
0
132
192
116
79
232
247
9
0
0
232
210
4
0
0
232
249
4
0
0
72
141
21
130
15
0
0
72
141
13
115
15
0
0
232
246
11
0
0
133
192
117
41
232
53
5
0
0
132
192
116
32
72
141
21
82
15
0
0
72
141
13
67
15
0
0
232
208
11
0
0
199
5
4
36
0
0
2
0
0
0
64
50
255
138
203
232
250
7
0
0
64
132
255
15
133
91
255
255
255
232
60
8
0
0
72
139
216
72
131
56
0
116
36
72
139
200
232
63
7
0
0
132
192
116
24
76
139
198
186
2
0
0
0
73
139
206
72
139
3
76
139
13
234
14
0
0
65
255
209
255
5
25
30
0
0
184
1
0
0
0
233
27
255
255
255
185
7
0
0
0
232
5
8
0
0
144
204
204
204
204
72
137
92
36
8
72
137
116
36
24
87
72
131
236
32
64
138
241
139
5
232
29
0
0
51
219
133
192
127
18
51
192
72
139
92
36
48
72
139
116
36
64
72
131
196
32
95
195
255
200
137
5
200
29
0
0
232
55
4
0
0
64
138
248
136
68
36
56
131
61
85
35
0
0
2
117
53
232
74
5
0
0
232
229
3
0
0
232
44
9
0
0
137
29
62
35
0
0
232
101
5
0
0
64
138
207
232
49
7
0
0
51
210
64
138
206
232
75
7
0
0
132
192
15
149
195
139
195
235
158
185
7
0
0
0
232
116
7
0
0
144
204
204
204
72
139
196
72
137
88
32
76
137
64
24
137
80
16
72
137
72
8
86
87
65
86
72
131
236
64
73
139
240
139
250
76
139
241
133
210
117
15
57
21
68
29
0
0
127
7
51
192
233
240
0
0
0
141
66
255
131
248
1
119
69
72
139
5
60
14
0
0
72
133
192
117
10
199
68
36
48
1
0
0
0
235
20
255
21
223
13
0
0
139
216
137
68
36
48
133
192
15
132
180
0
0
0
76
139
198
139
215
73
139
206
232
144
253
255
255
139
216
137
68
36
48
133
192
15
132
153
0
0
0
76
139
198
139
215
73
139
206
232
161
252
255
255
139
216
137
68
36
48
131
255
1
117
56
133
192
117
52
76
139
198
51
210
73
139
206
232
133
252
255
255
76
139
198
51
210
73
139
206
232
76
253
255
255
72
139
5
193
13
0
0
72
133
192
116
14
76
139
198
51
210
73
139
206
255
21
102
13
0
0
133
255
116
5
131
255
3
117
64
76
139
198
139
215
73
139
206
232
28
253
255
255
139
216
137
68
36
48
133
192
116
41
72
139
5
135
13
0
0
72
133
192
117
9
141
88
1
137
92
36
48
235
20
76
139
198
139
215
73
139
206
255
21
35
13
0
0
139
216
137
68
36
48
235
6
51
219
137
92
36
48
139
195
72
139
92
36
120
72
131
196
64
65
94
95
94
195
204
72
137
92
36
8
72
137
116
36
16
87
72
131
236
32
73
139
248
139
218
72
139
241
131
250
1
117
5
232
155
1
0
0
76
139
199
139
211
72
139
206
72
139
92
36
48
72
139
116
36
56
72
131
196
32
95
233
143
254
255
255
204
204
204
64
83
72
131
236
32
72
139
217
51
201
255
21
203
11
0
0
72
139
203
255
21
186
11
0
0
255
21
4
12
0
0
72
139
200
186
9
4
0
192
72
131
196
32
91
72
255
37
232
11
0
0
72
137
76
36
8
72
131
236
56
185
23
0
0
0
232
71
9
0
0
133
192
116
7
185
2
0
0
0
205
41
72
141
13
83
28
0
0
232
170
0
0
0
72
139
68
36
56
72
137
5
58
29
0
0
72
141
68
36
56
72
131
192
8
72
137
5
202
28
0
0
72
139
5
35
29
0
0
72
137
5
148
27
0
0
72
139
68
36
64
72
137
5
152
28
0
0
199
5
110
27
0
0
9
4
0
192
199
5
104
27
0
0
1
0
0
0
199
5
114
27
0
0
1
0
0
0
184
8
0
0
0
72
107
192
0
72
141
13
106
27
0
0
72
199
4
1
2
0
0
0
184
8
0
0
0
72
107
192
0
72
139
13
234
26
0
0
72
137
76
4
32
184
8
0
0
0
72
107
192
1
72
139
13
205
26
0
0
72
137
76
4
32
72
141
13
25
12
0
0
232
0
255
255
255
72
131
196
56
195
204
204
204
64
83
86
87
72
131
236
64
72
139
217
255
21
235
10
0
0
72
139
179
248
0
0
0
51
255
69
51
192
72
141
84
36
96
72
139
206
255
21
145
10
0
0
72
133
192
116
57
72
131
100
36
56
0
72
141
76
36
104
72
139
84
36
96
76
139
200
72
137
76
36
48
76
139
198
72
141
76
36
112
72
137
76
36
40
51
201
72
137
92
36
32
255
21
98
10
0
0
255
199
131
255
2
124
177
72
131
196
64
95
94
91
195
204
204
204
72
137
92
36
32
85
72
139
236
72
131
236
32
72
139
5
52
26
0
0
72
187
50
162
223
45
153
43
0
0
72
59
195
117
116
72
131
101
24
0
72
141
77
24
255
21
70
10
0
0
72
139
69
24
72
137
69
16
255
21
64
10
0
0
139
192
72
49
69
16
255
21
244
9
0
0
139
192
72
141
77
32
72
49
69
16
255
21
52
10
0
0
139
69
32
72
141
77
16
72
193
224
32
72
51
69
32
72
51
69
16
72
51
193
72
185
255
255
255
255
255
255
0
0
72
35
193
72
185
51
162
223
45
153
43
0
0
72
59
195
72
15
68
193
72
137
5
177
25
0
0
72
139
92
36
72
72
247
208
72
137
5
154
25
0
0
72
131
196
32
93
195
72
141
13
77
31
0
0
72
255
37
182
9
0
0
204
204
72
141
13
61
31
0
0
233
14
7
0
0
72
141
5
65
31
0
0
195
72
141
5
65
31
0
0
195
72
131
236
40
232
231
255
255
255
72
131
8
4
232
230
255
255
255
72
131
8
2
72
131
196
40
195
204
72
131
236
40
232
199
6
0
0
133
192
116
33
101
72
139
4
37
48
0
0
0
72
139
72
8
235
5
72
59
200
116
20
51
192
240
72
15
177
13
8
31
0
0
117
238
50
192
72
131
196
40
195
176
1
235
247
204
204
204
72
131
236
40
232
139
6
0
0
133
192
116
7
232
6
5
0
0
235
25
232
247
248
255
255
139
200
232
164
6
0
0
133
192
116
4
50
192
235
7
232
157
6
0
0
176
1
72
131
196
40
195
72
131
236
40
51
201
232
61
1
0
0
132
192
15
149
192
72
131
196
40
195
204
204
204
72
131
236
40
232
147
6
0
0
132
192
117
4
50
192
235
18
232
134
6
0
0
132
192
117
7
232
125
6
0
0
235
236
176
1
72
131
196
40
195
72
131
236
40
232
107
6
0
0
232
102
6
0
0
176
1
72
131
196
40
195
204
204
204
72
137
92
36
8
72
137
108
36
16
72
137
116
36
24
87
72
131
236
32
73
139
249
73
139
240
139
218
72
139
233
232
228
5
0
0
133
192
117
22
131
251
1
117
17
76
139
198
51
210
72
139
205
72
139
199
255
21
78
9
0
0
72
139
84
36
88
139
76
36
80
72
139
92
36
48
72
139
108
36
56
72
139
116
36
64
72
131
196
32
95
233
210
5
0
0
72
131
236
40
232
159
5
0
0
133
192
116
16
72
141
13
8
30
0
0
72
131
196
40
233
205
5
0
0
232
222
5
0
0
133
192
117
5
232
197
5
0
0
72
131
196
40
195
72
131
236
40
51
201
232
193
5
0
0
72
131
196
40
233
184
5
0
0
64
83
72
131
236
32
15
182
5
195
29
0
0
133
201
187
1
0
0
0
15
68
195
136
5
179
29
0
0
232
198
3
0
0
232
145
5
0
0
132
192
117
4
50
192
235
20
232
132
5
0
0
132
192
117
9
51
201
232
121
5
0
0
235
234
138
195
72
131
196
32
91
195
204
204
204
64
83
72
131
236
64
128
61
120
29
0
0
0
139
217
15
133
176
0
0
0
131
249
1
15
135
175
0
0
0
232
245
4
0
0
133
192
116
40
133
219
117
36
72
141
13
90
29
0
0
232
29
5
0
0
133
192
117
16
72
141
13
98
29
0
0
232
13
5
0
0
133
192
116
115
50
192
235
120
72
139
21
70
23
0
0
185
64
0
0
0
139
194
131
224
63
43
200
72
131
200
255
72
211
200
72
51
194
72
137
68
36
32
72
137
68
36
40
15
16
68
36
32
72
137
68
36
48
242
15
16
76
36
48
15
17
5
255
28
0
0
72
137
68
36
32
72
137
68
36
40
15
16
68
36
32
72
137
68
36
48
242
15
17
13
243
28
0
0
242
15
16
76
36
48
15
17
5
238
28
0
0
242
15
17
13
246
28
0
0
198
5
192
28
0
0
1
176
1
72
131
196
64
91
195
185
5
0
0
0
232
253
0
0
0
204
72
131
236
24
76
139
193
184
77
90
0
0
102
57
5
169
230
255
255
117
121
72
99
5
220
230
255
255
72
141
21
153
230
255
255
72
141
12
16
129
57
80
69
0
0
117
95
184
11
2
0
0
102
57
65
24
117
84
76
43
194
15
183
65
20
72
141
81
24
72
3
208
15
183
65
6
72
141
12
128
76
141
12
202
72
137
20
36
73
59
209
116
24
139
74
12
76
59
193
114
10
139
66
8
3
193
76
59
192
114
8
72
131
194
40
235
223
51
210
72
133
210
117
4
50
192
235
20
131
122
36
0
125
4
50
192
235
10
176
1
235
6
50
192
235
2
50
192
72
131
196
24
195
204
204
204
64
83
72
131
236
32
138
217
232
151
3
0
0
51
210
133
192
116
11
132
219
117
7
72
135
21
234
27
0
0
72
131
196
32
91
195
64
83
72
131
236
32
128
61
223
27
0
0
0
138
217
116
4
132
210
117
14
138
203
232
184
3
0
0
138
203
232
177
3
0
0
176
1
72
131
196
32
91
195
204
72
141
5
1
28
0
0
195
131
37
233
27
0
0
0
195
72
137
92
36
8
85
72
141
172
36
64
251
255
255
72
129
236
192
5
0
0
139
217
185
23
0
0
0
232
113
3
0
0
133
192
116
4
139
203
205
41
185
3
0
0
0
232
197
255
255
255
51
210
72
141
77
240
65
184
208
4
0
0
232
24
3
0
0
72
141
77
240
255
21
186
5
0
0
72
139
157
232
0
0
0
72
141
149
216
4
0
0
72
139
203
69
51
192
255
21
96
5
0
0
72
133
192
116
60
72
131
100
36
56
0
72
141
141
224
4
0
0
72
139
149
216
4
0
0
76
139
200
72
137
76
36
48
76
139
195
72
141
141
232
4
0
0
72
137
76
36
40
72
141
77
240
72
137
76
36
32
51
201
255
21
39
5
0
0
72
139
133
200
4
0
0
72
141
76
36
80
72
137
133
232
0
0
0
51
210
72
141
133
200
4
0
0
65
184
152
0
0
0
72
131
192
8
72
137
133
136
0
0
0
232
129
2
0
0
72
139
133
200
4
0
0
72
137
68
36
96
199
68
36
80
21
0
0
64
199
68
36
84
1
0
0
0
255
21
235
4
0
0
131
248
1
72
141
68
36
80
72
137
68
36
64
72
141
69
240
15
148
195
72
137
68
36
72
51
201
255
21
194
4
0
0
72
141
76
36
64
255
21
175
4
0
0
133
192
117
12
132
219
117
8
141
72
3
232
191
254
255
255
72
139
156
36
208
5
0
0
72
129
196
192
5
0
0
93
195
204
204
72
137
92
36
8
87
72
131
236
32
72
141
29
19
10
0
0
72
141
61
12
10
0
0
235
18
72
139
3
72
133
192
116
6
255
21
84
5
0
0
72
131
195
8
72
59
223
114
233
72
139
92
36
48
72
131
196
32
95
195
72
137
92
36
8
87
72
131
236
32
72
141
29
231
9
0
0
72
141
61
224
9
0
0
235
18
72
139
3
72
133
192
116
6
255
21
24
5
0
0
72
131
195
8
72
59
223
114
233
72
139
92
36
48
72
131
196
32
95
195
194
0
0
204
72
137
92
36
16
72
137
116
36
24
87
72
131
236
16
51
192
199
5
249
19
0
0
2
0
0
0
51
201
199
5
233
19
0
0
1
0
0
0
15
162
68
139
193
51
255
68
139
203
65
129
240
110
116
101
108
65
129
241
71
101
110
117
68
139
210
139
240
51
201
141
71
1
69
11
200
15
162
65
129
242
105
110
101
73
137
4
36
69
11
202
137
92
36
4
68
139
217
137
76
36
8
137
84
36
12
117
80
72
131
13
164
19
0
0
255
37
240
63
255
15
61
192
6
1
0
116
40
61
96
6
2
0
116
33
61
112
6
2
0
116
26
5
176
249
252
255
131
248
32
119
36
72
185
1
0
1
0
1
0
0
0
72
15
163
193
115
20
68
139
5
117
25
0
0
65
131
200
1
68
137
5
106
25
0
0
235
7
68
139
5
97
25
0
0
184
7
0
0
0
59
240
124
38
51
201
15
162
137
4
36
139
251
137
92
36
4
137
76
36
8
137
84
36
12
15
186
227
9
115
11
65
131
200
2
68
137
5
50
25
0
0
65
15
186
227
20
115
112
199
5
13
19
0
0
2
0
0
0
199
5
7
19
0
0
6
0
0
0
65
15
186
227
27
115
85
65
15
186
227
28
115
78
51
201
15
1
208
72
193
226
32
72
11
208
72
137
84
36
32
72
139
68
36
32
36
6
60
6
117
50
139
5
215
18
0
0
131
200
8
199
5
198
18
0
0
3
0
0
0
137
5
196
18
0
0
64
246
199
32
116
19
131
200
32
199
5
173
18
0
0
5
0
0
0
137
5
171
18
0
0
72
139
92
36
40
51
192
72
139
116
36
48
72
131
196
16
95
195
204
51
192
57
5
164
18
0
0
15
149
192
195
255
37
242
2
0
0
255
37
220
2
0
0
255
37
222
2
0
0
255
37
64
3
0
0
255
37
50
3
0
0
255
37
36
3
0
0
255
37
22
3
0
0
255
37
8
3
0
0
255
37
42
3
0
0
255
37
236
2
0
0
255
37
238
2
0
0
255
37
128
2
0
0
176
1
195
204
51
192
195
204
72
131
236
40
77
139
65
56
72
139
202
73
139
209
232
13
0
0
0
184
1
0
0
0
72
131
196
40
195
204
204
204
64
83
69
139
24
72
139
218
65
131
227
248
76
139
201
65
246
0
4
76
139
209
116
19
65
139
64
8
77
99
80
4
247
216
76
3
209
72
99
200
76
35
209
73
99
195
74
139
20
16
72
139
67
16
139
72
8
72
139
67
8
246
68
1
3
15
116
11
15
182
68
1
3
131
224
240
76
3
200
76
51
202
73
139
201
91
233
85
242
255
255
204
204
204
204
204
204
204
204
204
204
204
102
102
15
31
132
0
0
0
0
0
255
224
64
85
72
131
236
32
72
139
234
138
77
64
72
131
196
32
93
233
88
251
255
255
204
64
85
72
131
236
32
72
139
234
232
117
249
255
255
138
77
56
72
131
196
32
93
233
60
251
255
255
204
64
85
72
131
236
48
72
139
234
72
139
1
139
16
72
137
76
36
40
137
84
36
32
76
141
13
17
242
255
255
76
139
69
112
139
85
104
72
139
77
96
232
169
248
255
255
144
72
131
196
48
93
195
204
64
85
72
139
234
72
139
1
51
201
129
56
5
0
0
192
15
148
193
139
193
93
195
204
0
0
0
0
0
0
0
0
0
0
0
0
0
0
0
0
0
0
0
0
0
0
0
0
0
0
0
0
0
0
0
0
0
0
0
0
0
0
0
0
0
0
0
0
0
0
0
0
0
0
0
0
0
0
0
0
0
0
0
0
0
0
0
0
0
0
0
0
0
0
0
0
0
0
0
0
0
0
0
0
0
0
0
0
0
0
0
0
0
0
0
0
0
0
0
0
0
0
0
0
0
0
0
0
0
0
0
0
0
0
0
0
0
0
0
0
0
0
0
0
0
0
0
0
0
0
0
0
0
0
0
0
0
0
0
0
0
0
0
0
0
0
0
0
0
0
0
0
0
0
0
0
0
0
0
0
0
0
0
0
0
0
0
0
0
0
0
0
0
0
0
0
0
0
0
0
0
0
0
0
0
0
0
0
0
0
0
0
0
0
0
0
0
0
0
0
0
0
0
0
0
0
0
0
0
0
0
0
0
0
0
0
0
0
0
0
0
0
0
0
0
0
0
0
0
0
0
0
0
0
0
0
0
0
0
0
0
0
0
0
0
0
0
0
0
0
0
0
0
0
0
0
0
0
0
0
0
0
0
0
0
0
0
0
0
0
0
0
0
70
43
0
0
0
0
0
0
128
42
0
0
0
0
0
0
154
42
0
0
0
0
0
0
174
42
0
0
0
0
0
0
202
42
0
0
0
0
0
0
162
43
0
0
0
0
0
0
140
43
0
0
0
0
0
0
114
43
0
0
0
0
0
0
92
43
0
0
0
0
0
0
108
42
0
0
0
0
0
0
44
43
0
0
0
0
0
0
16
43
0
0
0
0
0
0
252
42
0
0
0
0
0
0
232
42
0
0
0
0
0
0
0
0
0
0
0
0
0
0
62
41
0
0
0
0
0
0
94
41
0
0
0
0
0
0
38
41
0
0
0
0
0
0
0
0
0
0
0
0
0
0
2
0
0
0
0
0
0
128
0
0
0
0
0
0
0
0
122
41
0
0
0
0
0
0
0
0
0
0
0
0
0
0
8
42
0
0
0
0
0
0
32
42
0
0
0
0
0
0
202
41
0
0
0
0
0
0
176
41
0
0
0
0
0
0
158
41
0
0
0
0
0
0
144
41
0
0
0
0
0
0
132
41
0
0
0
0
0
0
236
41
0
0
0
0
0
0
0
0
0
0
0
0
0
0
4
28
0
128
1
0
0
0
112
30
0
128
1
0
0
0
0
0
0
0
0
0
0
0
0
0
0
0
0
0
0
0
0
0
0
0
0
0
0
0
0
0
0
0
0
0
0
0
0
0
0
0
0
0
0
0
0
0
0
0
0
0
0
0
0
0
0
0
0
0
0
0
0
0
0
0
0
0
0
0
0
0
0
0
0
0
0
0
80
48
0
128
1
0
0
0
240
48
0
128
1
0
0
0
72
101
108
108
111
32
119
111
114
108
100
0
0
0
0
0
0
0
0
0
0
0
0
0
0
0
0
0
206
26
12
97
0
0
0
0
2
0
0
0
96
0
0
0
240
34
0
0
240
22
0
0
0
0
0
0
206
26
12
97
0
0
0
0
12
0
0
0
20
0
0
0
80
35
0
0
80
23
0
0
0
0
0
0
206
26
12
97
0
0
0
0
13
0
0
0
64
2
0
0
100
35
0
0
100
23
0
0
0
0
0
0
206
26
12
97
0
0
0
0
14
0
0
0
0
0
0
0
0
0
0
0
0
0
0
0
0
1
0
0
0
0
0
0
0
0
0
0
0
0
0
0
0
0
0
0
0
0
0
0
0
0
0
0
0
0
0
0
0
0
0
0
0
0
0
0
0
0
0
0
0
0
0
0
0
0
0
0
0
0
0
0
0
0
0
0
0
0
0
0
0
0
0
0
0
0
0
0
0
0
0
0
0
0
0
0
0
0
0
0
0
0
0
0
8
48
0
128
1
0
0
0
0
0
0
0
0
0
0
0
0
0
0
0
0
0
0
0
0
33
0
128
1
0
0
0
8
33
0
128
1
0
0
0
0
0
0
0
0
0
0
0
0
0
0
0
0
0
0
0
0
1
0
0
0
0
0
0
0
0
0
0
0
0
0
0
0
0
0
0
0
0
0
0
0
0
0
0
0
0
0
0
0
0
0
0
0
0
0
0
0
0
0
0
0
0
0
0
0
0
0
0
0
0
0
0
0
0
0
0
0
0
0
0
0
0
0
0
0
0
0
0
0
0
0
0
0
0
0
0
0
0
0
0
0
0
0
0
0
0
0
0
0
0
0
0
0
0
0
0
0
0
0
0
0
0
0
0
0
0
0
0
82
83
68
83
86
145
210
121
15
204
140
69
160
63
153
51
253
195
30
253
1
0
0
0
67
58
92
85
115
101
114
115
92
103
114
101
103
116
92
112
114
111
106
101
99
116
115
92
120
108
108
92
72
101
108
108
111
87
111
114
108
100
88
108
108
92
120
54
52
92
82
101
108
101
97
115
101
92
72
101
108
108
111
87
111
114
108
100
88
108
108
46
112
100
98
0
0
0
0
0
21
0
0
0
21
0
0
0
3
0
0
0
18
0
0
0
71
67
84
76
0
16
0
0
96
14
0
0
46
116
101
120
116
36
109
110
0
0
0
0
96
30
0
0
18
0
0
0
46
116
101
120
116
36
109
110
36
48
48
0
114
30
0
0
129
0
0
0
46
116
101
120
116
36
120
0
0
32
0
0
0
1
0
0
46
105
100
97
116
97
36
53
0
0
0
0
0
33
0
0
16
0
0
0
46
48
48
99
102
103
0
0
16
33
0
0
8
0
0
0
46
67
82
84
36
88
67
65
0
0
0
0
24
33
0
0
8
0
0
0
46
67
82
84
36
88
67
90
0
0
0
0
32
33
0
0
8
0
0
0
46
67
82
84
36
88
73
65
0
0
0
0
40
33
0
0
8
0
0
0
46
67
82
84
36
88
73
90
0
0
0
0
48
33
0
0
8
0
0
0
46
67
82
84
36
88
80
65
0
0
0
0
56
33
0
0
8
0
0
0
46
67
82
84
36
88
80
90
0
0
0
0
64
33
0
0
8
0
0
0
46
67
82
84
36
88
84
65
0
0
0
0
72
33
0
0
8
0
0
0
46
67
82
84
36
88
84
90
0
0
0
0
80
33
0
0
160
1
0
0
46
114
100
97
116
97
0
0
240
34
0
0
184
2
0
0
46
114
100
97
116
97
36
122
122
122
100
98
103
0
0
0
168
37
0
0
8
0
0
0
46
114
116
99
36
73
65
65
0
0
0
0
176
37
0
0
8
0
0
0
46
114
116
99
36
73
90
90
0
0
0
0
184
37
0
0
8
0
0
0
46
114
116
99
36
84
65
65
0
0
0
0
192
37
0
0
8
0
0
0
46
114
116
99
36
84
90
90
0
0
0
0
200
37
0
0
136
1
0
0
46
120
100
97
116
97
0
0
80
39
0
0
80
0
0
0
46
101
100
97
116
97
0
0
160
39
0
0
100
0
0
0
46
105
100
97
116
97
36
50
0
0
0
0
4
40
0
0
20
0
0
0
46
105
100
97
116
97
36
51
0
0
0
0
24
40
0
0
0
1
0
0
46
105
100
97
116
97
36
52
0
0
0
0
24
41
0
0
172
2
0
0
46
105
100
97
116
97
36
54
0
0
0
0
0
48
0
0
64
0
0
0
46
100
97
116
97
0
0
0
64
48
0
0
0
6
0
0
46
98
115
115
0
0
0
0
0
64
0
0
176
1
0
0
46
112
100
97
116
97
0
0
0
80
0
0
96
0
0
0
46
114
115
114
99
36
48
49
0
0
0
0
96
80
0
0
128
1
0
0
46
114
115
114
99
36
48
50
0
0
0
0
0
0
0
0
0
0
0
0
0
0
0
0
0
0
0
0
0
0
0
0
0
0
0
0
0
0
0
0
0
0
0
0
0
0
0
0
25
21
2
0
6
210
2
48
224
29
0
0
96
0
0
0
1
0
0
0
17
21
8
0
21
116
9
0
21
100
7
0
21
52
6
0
21
50
17
224
144
29
0
0
2
0
0
0
112
17
0
0
223
17
0
0
114
30
0
0
0
0
0
0
49
18
0
0
60
18
0
0
114
30
0
0
0
0
0
0
1
6
2
0
6
50
2
80
17
15
6
0
15
100
8
0
15
52
6
0
15
50
11
112
144
29
0
0
2
0
0
0
132
18
0
0
162
18
0
0
137
30
0
0
0
0
0
0
194
18
0
0
205
18
0
0
137
30
0
0
0
0
0
0
1
4
1
0
4
66
0
0
9
26
6
0
26
52
15
0
26
114
22
224
20
112
19
96
144
29
0
0
1
0
0
0
5
19
0
0
237
19
0
0
165
30
0
0
237
19
0
0
1
6
2
0
6
82
2
80
1
15
6
0
15
100
7
0
15
52
6
0
15
50
11
112
1
9
1
0
9
98
0
0
1
8
4
0
8
114
4
112
3
96
2
48
1
6
2
0
6
50
2
48
1
13
4
0
13
52
9
0
13
50
6
80
9
4
1
0
4
34
0
0
144
29
0
0
1
0
0
0
75
25
0
0
214
25
0
0
219
30
0
0
214
25
0
0
1
2
1
0
2
80
0
0
1
6
2
0
6
114
2
48
1
20
8
0
20
100
8
0
20
84
7
0
20
52
6
0
20
50
16
112
1
21
5
0
21
52
186
0
21
1
184
0
6
80
0
0
1
10
4
0
10
52
6
0
10
50
6
112
1
15
6
0
15
100
6
0
15
52
5
0
15
18
11
112
1
0
0
0
1
2
1
0
2
48
0
0
0
0
0
0
0
0
0
0
0
0
0
0
0
0
0
0
255
255
255
255
0
0
0
0
130
39
0
0
1
0
0
0
1
0
0
0
1
0
0
0
120
39
0
0
124
39
0
0
128
39
0
0
16
16
0
0
148
39
0
0
0
0
72
101
108
108
111
87
111
114
108
100
88
108
108
46
120
108
108
0
120
108
65
117
116
111
79
112
101
110
0
0
176
40
0
0
0
0
0
0
0
0
0
0
24
41
0
0
152
32
0
0
144
40
0
0
0
0
0
0
0
0
0
0
104
41
0
0
120
32
0
0
192
40
0
0
0
0
0
0
0
0
0
0
42
42
0
0
168
32
0
0
208
40
0
0
0
0
0
0
0
0
0
0
74
42
0
0
184
32
0
0
24
40
0
0
0
0
0
0
0
0
0
0
182
43
0
0
0
32
0
0
0
0
0
0
0
0
0
0
0
0
0
0
0
0
0
0
0
0
0
0
70
43
0
0
0
0
0
0
128
42
0
0
0
0
0
0
154
42
0
0
0
0
0
0
174
42
0
0
0
0
0
0
202
42
0
0
0
0
0
0
162
43
0
0
0
0
0
0
140
43
0
0
0
0
0
0
114
43
0
0
0
0
0
0
92
43
0
0
0
0
0
0
108
42
0
0
0
0
0
0
44
43
0
0
0
0
0
0
16
43
0
0
0
0
0
0
252
42
0
0
0
0
0
0
232
42
0
0
0
0
0
0
0
0
0
0
0
0
0
0
62
41
0
0
0
0
0
0
94
41
0
0
0
0
0
0
38
41
0
0
0
0
0
0
0
0
0
0
0
0
0
0
2
0
0
0
0
0
0
128
0
0
0
0
0
0
0
0
122
41
0
0
0
0
0
0
0
0
0
0
0
0
0
0
8
42
0
0
0
0
0
0
32
42
0
0
0
0
0
0
202
41
0
0
0
0
0
0
176
41
0
0
0
0
0
0
158
41
0
0
0
0
0
0
144
41
0
0
0
0
0
0
132
41
0
0
0
0
0
0
236
41
0
0
0
0
0
0
0
0
0
0
0
0
0
0
88
76
67
97
108
108
51
50
46
100
108
108
0
0
8
0
95
95
67
95
115
112
101
99
105
102
105
99
95
104
97
110
100
108
101
114
0
0
37
0
95
95
115
116
100
95
116
121
112
101
95
105
110
102
111
95
100
101
115
116
114
111
121
95
108
105
115
116
0
0
62
0
109
101
109
115
101
116
0
0
86
67
82
85
78
84
73
77
69
49
52
48
46
100
108
108
0
0
25
0
109
97
108
108
111
99
0
0
54
0
95
105
110
105
116
116
101
114
109
0
55
0
95
105
110
105
116
116
101
114
109
95
101
0
63
0
95
115
101
104
95
102
105
108
116
101
114
95
100
108
108
0
24
0
95
99
111
110
102
105
103
117
114
101
95
110
97
114
114
111
119
95
97
114
103
118
0
0
51
0
95
105
110
105
116
105
97
108
105
122
101
95
110
97
114
114
111
119
95
101
110
118
105
114
111
110
109
101
110
116
0
0
52
0
95
105
110
105
116
105
97
108
105
122
101
95
111
110
101
120
105
116
95
116
97
98
108
101
0
0
34
0
95
101
120
101
99
117
116
101
95
111
110
101
120
105
116
95
116
97
98
108
101
0
22
0
95
99
101
120
105
116
0
0
97
112
105
45
109
115
45
119
105
110
45
99
114
116
45
104
101
97
112
45
108
49
45
49
45
48
46
100
108
108
0
0
97
112
105
45
109
115
45
119
105
110
45
99
114
116
45
114
117
110
116
105
109
101
45
108
49
45
49
45
48
46
100
108
108
0
211
4
82
116
108
67
97
112
116
117
114
101
67
111
110
116
101
120
116
0
218
4
82
116
108
76
111
111
107
117
112
70
117
110
99
116
105
111
110
69
110
116
114
121
0
0
225
4
82
116
108
86
105
114
116
117
97
108
85
110
119
105
110
100
0
0
188
5
85
110
104
97
110
100
108
101
100
69
120
99
101
112
116
105
111
110
70
105
108
116
101
114
0
0
123
5
83
101
116
85
110
104
97
110
100
108
101
100
69
120
99
101
112
116
105
111
110
70
105
108
116
101
114
0
29
2
71
101
116
67
117
114
114
101
110
116
80
114
111
99
101
115
115
0
154
5
84
101
114
109
105
110
97
116
101
80
114
111
99
101
115
115
0
0
137
3
73
115
80
114
111
99
101
115
115
111
114
70
101
97
116
117
114
101
80
114
101
115
101
110
116
0
80
4
81
117
101
114
121
80
101
114
102
111
114
109
97
110
99
101
67
111
117
110
116
101
114
0
30
2
71
101
116
67
117
114
114
101
110
116
80
114
111
99
101
115
115
73
100
0
34
2
71
101
116
67
117
114
114
101
110
116
84
104
114
101
97
100
73
100
0
0
240
2
71
101
116
83
121
115
116
101
109
84
105
109
101
65
115
70
105
108
101
84
105
109
101
0
108
3
73
110
105
116
105
97
108
105
122
101
83
76
105
115
116
72
101
97
100
0
130
3
73
115
68
101
98
117
103
103
101
114
80
114
101
115
101
110
116
0
75
69
82
78
69
76
51
50
46
100
108
108
0
0
0
0
0
0
0
0
0
0
0
0
0
0
0
0
0
0
0
0
0
0
0
0
0
0
0
0
0
0
0
0
0
0
0
0
0
0
0
0
0
0
0
0
0
0
0
0
0
0
0
0
0
0
0
0
0
0
0
0
0
0
205
93
32
210
102
212
255
255
50
162
223
45
153
43
0
0
255
255
255
255
0
0
0
0
1
0
0
0
2
0
0
0
47
32
0
0
0
0
0
0
0
0
0
0
0
0
0
0
1
0
0
0
0
0
0
0
0
0
0
0
0
0
0
0
0
0
0
0
0
0
0
0
0
0
0
0
0
0
0
0
0
0
0
0
0
0
0
0
0
0
0
0
0
0
0
0
0
0
0
0
0
0
0
0
0
0
0
0
0
0
0
0
0
0
0
0
0
0
0
0
0
0
0
0
0
0
0
0
0
0
0
0
0
0
0
0
0
0
0
0
0
0
0
0
0
0
0
0
0
0
0
0
0
0
0
0
0
0
0
0
0
0
0
0
0
0
0
0
0
0
0
0
0
0
0
0
0
0
0
0
0
0
0
0
0
0
0
0
0
0
0
0
0
0
0
0
0
0
0
0
0
0
0
0
0
0
0
0
0
0
0
0
0
0
0
0
0
0
0
0
0
0
0
0
0
0
0
0
0
0
0
0
0
0
0
0
0
0
0
0
0
0
0
0
0
0
0
0
0
0
0
0
0
0
0
0
0
0
0
0
0
0
0
0
0
0
0
0
0
0
0
0
0
0
0
0
0
0
0
0
0
0
0
0
0
0
0
0
0
0
0
0
0
0
0
0
0
0
0
0
0
0
0
0
0
0
0
0
0
0
0
0
0
0
0
0
0
0
0
0
0
0
0
0
0
0
0
0
0
0
0
0
0
0
0
0
0
0
0
0
0
0
0
0
0
0
0
0
0
0
0
0
0
0
0
0
0
0
0
0
0
0
0
0
0
0
0
0
0
0
0
0
0
0
0
0
0
0
0
0
0
0
0
0
0
0
0
0
0
0
0
0
0
0
0
0
0
0
0
0
0
0
0
0
0
0
0
0
0
0
0
0
0
0
0
0
0
0
0
0
0
0
0
0
0
0
0
0
0
0
0
0
0
0
0
0
0
0
0
0
0
0
0
0
0
0
0
0
0
0
0
0
0
0
0
0
0
0
0
0
0
0
0
0
0
0
0
0
0
0
0
0
0
0
0
0
0
0
0
0
0
0
0
0
0
0
0
0
0
0
0
0
0
0
0
0
0
0
0
0
0
0
0
0
0
0
0
0
0
0
0
0
16
16
0
0
159
16
0
0
200
37
0
0
176
16
0
0
209
16
0
0
216
37
0
0
212
16
0
0
36
17
0
0
88
38
0
0
36
17
0
0
61
18
0
0
220
37
0
0
64
18
0
0
206
18
0
0
32
38
0
0
208
18
0
0
3
20
0
0
96
38
0
0
4
20
0
0
65
20
0
0
144
38
0
0
68
20
0
0
120
20
0
0
180
38
0
0
120
20
0
0
73
21
0
0
160
38
0
0
76
21
0
0
189
21
0
0
168
38
0
0
192
21
0
0
108
22
0
0
188
38
0
0
152
22
0
0
179
22
0
0
88
38
0
0
180
22
0
0
237
22
0
0
88
38
0
0
240
22
0
0
36
23
0
0
88
38
0
0
36
23
0
0
57
23
0
0
88
38
0
0
60
23
0
0
100
23
0
0
88
38
0
0
100
23
0
0
121
23
0
0
88
38
0
0
124
23
0
0
220
23
0
0
248
38
0
0
220
23
0
0
12
24
0
0
88
38
0
0
12
24
0
0
32
24
0
0
88
38
0
0
32
24
0
0
105
24
0
0
180
38
0
0
108
24
0
0
68
25
0
0
240
38
0
0
68
25
0
0
221
25
0
0
200
38
0
0
224
25
0
0
4
26
0
0
180
38
0
0
4
26
0
0
47
26
0
0
180
38
0
0
64
26
0
0
138
27
0
0
12
39
0
0
140
27
0
0
200
27
0
0
28
39
0
0
200
27
0
0
4
28
0
0
28
39
0
0
8
28
0
0
131
29
0
0
40
39
0
0
224
29
0
0
253
29
0
0
88
38
0
0
0
30
0
0
91
30
0
0
60
39
0
0
112
30
0
0
114
30
0
0
56
39
0
0
114
30
0
0
137
30
0
0
24
38
0
0
137
30
0
0
165
30
0
0
24
38
0
0
165
30
0
0
219
30
0
0
136
38
0
0
219
30
0
0
243
30
0
0
232
38
0
0
0
0
0
0
0
0
0
0
0
0
0
0
0
0
0
0
0
0
0
0
0
0
0
0
0
0
0
0
0
0
0
0
0
0
0
0
0
0
0
0
0
0
0
0
0
0
0
0
0
0
0
0
0
0
0
0
0
0
0
0
0
0
0
0
0
0
0
0
0
0
0
0
0
0
0
0
0
0
0
0
0
0
0
0
0
0
0
0
0
0
0
0
0
0
1
0
24
0
0
0
24
0
0
128
0
0
0
0
0
0
0
0
0
0
0
0
0
0
1
0
2
0
0
0
48
0
0
128
0
0
0
0
0
0
0
0
0
0
0
0
0
0
1
0
9
4
0
0
72
0
0
0
96
80
0
0
125
1
0
0
0
0
0
0
0
0
0
0
0
0
0
0
0
0
0
0
60
63
120
109
108
32
118
101
114
115
105
111
110
61
39
49
46
48
39
32
101
110
99
111
100
105
110
103
61
39
85
84
70
45
56
39
32
115
116
97
110
100
97
108
111
110
101
61
39
121
101
115
39
63
62
13
10
60
97
115
115
101
109
98
108
121
32
120
109
108
110
115
61
39
117
114
110
58
115
99
104
101
109
97
115
45
109
105
99
114
111
115
111
102
116
45
99
111
109
58
97
115
109
46
118
49
39
32
109
97
110
105
102
101
115
116
86
101
114
115
105
111
110
61
39
49
46
48
39
62
13
10
32
32
60
116
114
117
115
116
73
110
102
111
32
120
109
108
110
115
61
34
117
114
110
58
115
99
104
101
109
97
115
45
109
105
99
114
111
115
111
102
116
45
99
111
109
58
97
115
109
46
118
51
34
62
13
10
32
32
32
32
60
115
101
99
117
114
105
116
121
62
13
10
32
32
32
32
32
32
60
114
101
113
117
101
115
116
101
100
80
114
105
118
105
108
101
103
101
115
62
13
10
32
32
32
32
32
32
32
32
60
114
101
113
117
101
115
116
101
100
69
120
101
99
117
116
105
111
110
76
101
118
101
108
32
108
101
118
101
108
61
39
97
115
73
110
118
111
107
101
114
39
32
117
105
65
99
99
101
115
115
61
39
102
97
108
115
101
39
32
47
62
13
10
32
32
32
32
32
32
60
47
114
101
113
117
101
115
116
101
100
80
114
105
118
105
108
101
103
101
115
62
13
10
32
32
32
32
60
47
115
101
99
117
114
105
116
121
62
13
10
32
32
60
47
116
114
117
115
116
73
110
102
111
62
13
10
60
47
97
115
115
101
109
98
108
121
62
13
10
0
0
0
0
0
0
0
0
0
0
0
0
0
0
0
0
0
0
0
0
0
0
0
0
0
0
0
0
0
0
0
0
0
0
0
0
32
0
0
24
0
0
0
0
161
8
161
88
161
96
161
72
162
96
162
104
162
0
0
0
0
0
0
0
0
0
0
0
0
0
0
0
0
0
0
0
0
0
0
0
0
0
0
0
0
0
0
0
0
0
0
0
0
0
0
0
0
0
0
0
0
0
0
0
0
0
0
0
0
0
0
0
0
0
0
0
0
0
0
0
0
0
0
0
0
0
0
0
0
0
0
0
0
0
0
0
0
0
0
0
0
0
0
0
0
0
0
0
0
0
0
0
0
0
0
0
0
0
0
0
0
0
0
0
0
0
0
0
0
0
0
0
0
0
0
0
0
0
0
0
0
0
0
0
0
0
0
0
0
0
0
0
0
0
0
0
0
0
0
0
0
0
0
0
0
0
0
0
0
0
0
0
0
0
0
0
0
0
0
0
0
0
0
0
0
0
0
0
0
0
0
0
0
0
0
0
0
0
0
0
0
0
0
0
0
0
0
0
0
0
0
0
0
0
0
0
0
0
0
0
0
0
0
0
0
0
0
0
0
0
0
0
0
0
0
0
0
0
0
0
0
0
0
0
0
0
0
0
0
0
0
0
0
0
0
0
0
0
0
0
0
0
0
0
0
0
0
0
0
0
0
0
0
0
0
0
0
0
0
0
0
0
0
0
0
0
0
0
0
0
0
0
0
0
0
0
0
0
0
0
0
0
0
0
0
0
0
0
0
0
0
0
0
0
0
0
0
0
0
0
0
0
0
0
0
0
0
0
0
0
0
0
0
0
0
0
0
0
0
0
0
0
0
0
0
0
0
0
0
0
0
0
0
0
0
0
0
0
0
0
0
0
0
0
0
0
0
0
0
0
0
0
0
0
0
0
0
0
0
0
0
0
0
0
0
0
0
0
0
0
0
0
0
0
0
0
0
0
0
0
0
0
0
0
0
0
0
0
0
0
0
0
0
0
0
0
0
0
0
0
0
0
0
0
0
0
0
0
0
0
0
0
0
0
0
0
0
0
0
0
0
0
0
0
0
0
0
0
0
0
0
0
0
0
0
0
0
0
0
0
0
0
0
0
0
0
0
0
0
0
0
0
0
0
0
0
0
0
0
0
0
0
0
0
0
0
0
0
0
0
0
0
0
0
0
0
0
0
0
0
0
0
0
0
0
0
0
